0.494692364553638|0.419349634087659|0.265536282347735|0.898478649438115|0.9825047371377|0.282426420691432|0.816554921289288|0.601577490506796|1.36223208926489|0.712512282324923|2.94652572293126|0.1737101528686|1.19264662336952|0.611284846109246|0.987157494842115|0.771966783707985|0.169602299763579|0.259926527186524|0.565877394231034|3.31128357647763
0.974539914024476|0.459232388092459|0.218721458001185|2.47052757913462|4.66149913212077|2.25823919893332|0.704910827707134|1.62809112698208|0.921894808513675|0.607627172542456|1.15242854301539|0.0310630943718203|1.56469365084059|-0.00945818502124085|0.418377003991611|0.974112347063345|0.231104258807601|0.103451682663409|0.676229237767228|1.96688600050341
0.98834324334973|0.0618643032229347|0.827071143263263|1.77168855763032|2.14601966643987|1.20979821590029|0.0513319305133096|0.535738186554559|-0.0709844996356843|0.722961498459401|0.650906925848173|0.00426490071768668|1.01036628006276|0.0219410592538346|0.286511260348716|0.482287214369752|0.844942138572308|0.345634809113392|0.524341786385738|0.130896047552702
0.145289628701503|0.677488083869525|-0.00986372354343674|0.403396059193039|0.142198312129583|0.33777169062134|0.716896796965502|-0.0663509063401331|-0.211514853230237|0.72150949844897|-0.0515308409232356|0.741128460543345|0.0831295815307081|0.603367567112554|-0.201617068005153|0.313356211640411|0.678907427957414|0.363107430483555|0.906408917256134|0.308495589294523
-2.19587816856034E-05|0.440575310616945|0.796212068386218|-1.02056271709809|-2.2166967877319|-0.805633013386418|0.483019940962587|0.559196757216223|1.82055163613661|0.0568149801955372|2.51214316123974|0.0861840560005488|0.37800117937155|0.811968116290049|1.23266067480039|0.222059916464843|0.271748510995017|0.302751195890632|0.537604089196678|3.37173872806831
0.539069583731402|0.453971494156856|0.356681558425142|1.72014252139822|2.77500460804974|1.51256450242123|-0.0254347769212669|1.457955214184|0.627775578832656|0.902268996471671|0.579888223296862|0.413428241865573|1.37030332600471|0.300779542810411|0.873713941864826|0.0956938489123745|0.882107607691683|0.510213488683408|0.00996092972383161|1.82898825221019
0.906154388830024|0.787351623530675|0.464278167674191|0.148279586978293|-0.275252419017261|0.801213726607481|0.261713239539026|-0.118707983541465|0.835026809824238|0.11923503580292|0.692710987670609|0.879895322627778|-0.0292566430337787|0.16483965798066|0.936413998438063|0.610586466575018|0.653097352513006|0.884895655143673|0.849282054846918|0.070388210930654
0.514131517571947|0.549256122733674|0.677333799180577|-0.0360350923896104|0.0788732295630823|0.0894115149671113|0.0623969708427276|-0.118356998801254|-0.37144468005194|0.129485742386847|0.0705098319013965|0.933370297184621|0.0173778171724084|0.821922249632266|-0.458570109727425|0.931117968134105|0.825935481179791|0.0909570256827338|0.369951575045449|-0.258614561117331
0.744959180569778|0.906654970112098|0.615242854073077|-0.868210848891931|-1.94244575193328|-0.251802817265474|0.793134221950563|0.585714324913119|2.53358856828462|0.696663187016558|3.32199334334866|0.322265333933454|1.04879146228372|0.498221703575602|0.532162321641852|0.730986125862578|0.275808468375914|1.0401868850359|0.743596354860093|3.98318811440201
0.945467262394754|0.276457392263926|-0.220027443991249|3.08620875057178|4.3748161668049|1.95787214070399|0.294185758665769|1.52723893961542|0.343411820857019|0.174205832916725|0.476125265373561|0.726419601044736|1.5014544518582|-0.0134385334945868|0.387384011060702|0.67911755223481|0.486275603917469|0.355901177593423|0.0430884755117263|1.88925017335229
0.10815933717324|0.317085577956834|0.767288199578366|0.903203471495436|1.66627947886397|1.14273156552738|0.996977684049833|0.531776837532643|0.345006887322361|-0.00635536330582844|0.472891733060632|0.556270329548247|0.891238119519367|0.976727098229758|0.00535579382845992|0.476083337747979|0.683081370965155|0.35844989662895|0.544236562577058|-0.185319346105408
0.818253036045377|0.976298826915029|0.607616683007401|0.343438242457177|-0.225871799047478|-0.00420598015317542|1.0063644630391|-0.154736968418965|0.0609605435143383|0.403003491531549|-0.661788123596688|0.998559435322852|-0.278502925005369|0.56568014427951|0.260081132644817|0.140149113408452|0.258587522401902|0.472671354389663|0.333994164834449|-0.60366024695641
0.749263995239823|1.01446199325763|0.216768227634545|-2.53981584942444|-5.50570742223318|-1.71272877979715|0.986863448534342|0.703226680793408|2.618840385535|0.286584381927377|3.5704691783757|0.134424224650897|0.695845384751134|0.351617312843503|0.96916018226745|0.555177476638795|0.792821902465769|0.731303014930921|0.390569009594738|3.70410065412879
0.550117690456978|0.840192966855928|-0.0184688732140297|2.03702081555142|2.89748799000843|2.04958907855359|0.0112507676494393|0.842356203096512|0.423684311541491|0.429681819771195|0.534568634453359|0.867886845937741|1.56170998485852|0.218239505046864|0.4555388196048|0.615413270899432|0.28629293827991|0.10058855851721|0.61442525830417|2.29834014940906
0.316977220231417|0.753555735823328|0.182930246394012|0.339854227284338|-0.433397240431346|-0.187410961107918|0.549740927560323|0.453137688666502|0.34741785613535|0.976517887482781|0.173032621282595|0.663892655092008|0.575502508677233|1.04798275273717|0.585066674218539|0.427380260926193|0.336963551727563|0.671989594266217|0.627660570803445|0.69229745023068
0.837079632900108|0.608575329126665|0.069056163919335|-0.555975288002631|-0.053686492128632|0.0781817144666596|0.630078434664841|0.149982482139828|-0.525365112995635|0.294553554032746|0.227406212968781|0.824180023648589|0.283107357070341|0.211737265347955|0.0679017367095981|0.542380546399656|0.660064699836255|0.514837573392952|0.376428039478017|-0.703738061143335
0.852951287653389|0.601674662367024|0.718303725551949|-3.95413418881982|-8.57005876669608|-2.18944726230474|0.375052884474084|-0.0825876312072534|2.57226858707985|1.10041450276571|3.9179013876409|0.664415556143265|0.0182746268118439|0.573598495291015|1.53292418725457|0.0919103288326793|0.861990403655694|1.2576427458347|0.779818688277589|4.03498568403262
0.382216214764825|0.856316267143272|-0.104895948447564|3.5905833916153|6.29563819340109|3.07163792264899|0.115262649186859|2.05128544937872|0.685133189950334|0.84023665757508|0.800037514165128|0.530304732270706|2.72344511334618|-0.162812727799843|0.0161156156457315|0.21255688293251|0.389364879359922|-0.167759606891488|0.369759451749291|2.93675401054408
0.0810053081590945|0.082099865770659|1.05910507366898|0.152327964712439|-0.228472775570551|0.609077031641993|0.270178397914673|-0.0735263424551962|0.270824943496918|0.727302141665246|0.200018173342272|1.00532198381196|0.43640989367045|0.663920057178684|0.247568503727058|0.866731969898323|0.31071031720493|0.361838186065435|0.214375007689946|0.432998073773623
0.144438023688087|0.584020363900396|0.444003979830916|-0.397038311040766|-1.01986700218735|-0.751933202251263|0.403770317844498|0.0457011045731714|-0.0151588390726667|0.376229290803024|-0.646181842456257|0.229888340308314|-0.299658156521739|0.181704851034102|0.462572481258239|0.23246244105942|0.699628336073859|0.628765617280934|0.760822522200543|-0.553201527781559
