Lob

-0.1515799|-0.1235525|0.06733605|0.9783783|
-0.2813993|0.03696852|-2.395908E-05|0.9588783|
-0.3076478|0.009583042|0.05160788|0.9500514|
-0.3164461|0.04028664|0.112646|0.9410366|
-0.1411095|-0.06232949|-0.04886943|0.9868207


-0.2983144|0.04171744|-0.03306548|0.9529821|
-0.3262539|-0.01390924|-0.07055391|0.9425428|
-0.2822328|0.04221341|-0.006427387|0.9583951|
-0.24301|0.01181279|-0.009458205|0.9699056|
-0.05974897|-0.01208012|-0.04639307|0.9970616


-0.2133504|0.1166711|-0.04873519|0.9687591|
-0.4291047|0.07841951|-0.02485029|0.899501|
-0.1999377|-0.04447832|-0.03288214|0.9782462|
-0.1936928|-0.03198103|0.0119672|0.9804678|
-0.07382596|-0.001598037|0.097727|0.9924699


-0.2454817|0.1563603|0.01103681|0.9566444|
-0.3526127|0.06063004|-0.04552256|0.932693|
-0.2630318|0.02728836|0.06682657|0.962083|
-0.2002076|-0.04061859|-0.01954889|0.9787158|
-0.1054294|0.01292385|0.07791434|0.9912854


-0.2116892|0.1868337|-0.02411085|0.9590096|
-0.2940997|-0.03129033|0.06882443|0.9527798|
-0.2231821|0.0119934|0.02337082|0.9744226|
-0.1557929|-0.04587747|-0.02983013|0.9862726|
-0.1170499|-0.01697005|0.08857448|0.9890227


Forehand

0.1772975|-0.09222651|-0.04056696|0.9789863|
0.03166123|-0.3366787|-0.1558884|0.9280861|
0.1667903|-0.4298434|-0.03459626|0.8866898|
0.02410168|-0.3448663|-0.2486479|0.9047986|
-0.1274543|-0.2560658|0.02111927|0.9579872


0.1749308|-0.1871512|-0.03718166|0.9659147|
0.04729297|-0.2869426|-0.151842|0.9446541|
0.08541291|-0.3848064|-0.06904192|0.9164398|
0.06317448|-0.2408262|-0.1402056|0.9583078|
-0.08346714|-0.1764058|-0.008695069|0.9807336


0.1864889|-0.3729891|-0.08865723|0.9045668|
0.1560507|-0.3994623|-0.0289576|0.9029062|
0.05336361|-0.2898903|-0.1031436|0.9499881|
0.01179963|-0.4299152|0.0688592|0.9001623|
0.0866562|0.1488034|-0.1355227|0.9756954


0.09096342|-0.07189982|-0.01462572|0.9931476|
0.136837|-0.3078839|-0.08064318|0.9380723|
0.1597834|-0.4140619|-0.04562566|0.8949525|
0.08533822|-0.3717245|-0.1615398|0.9101885|
-0.0957811|-0.2707325|0.03319699|0.9573024


0.1624896|-0.1824626|-0.06583985|0.9674552|
0.09381782|-0.3030852|-0.06753173|0.9459265|
0.1606902|-0.4717938|-0.08448563|0.8628159|
0.08628792|-0.3015073|-0.3049178|0.8992622|
-0.09250773|-0.3931653|0.02046014|0.9145734


Smash

0.1651407|-0.07648277|0.01865424|0.983123|
0.2064797|0.01072324|0.004699402|0.9783809|
0.2707008|-0.008923211|-0.003919124|0.9626143|
0.382334|0.06701238|-0.00682257|0.9215658|
0.3730881|-0.00149962|-0.02348885|0.9274973


0.2081199|-0.07284041|-0.02903873|0.974955|
0.3262743|-0.01140287|-0.006622363|0.9451832|
0.2906893|-0.01496866|-0.005146404|0.9566866|
0.410019|0.006796293|-0.03483643|0.9113861|
0.425844|-0.1422904|-0.1693079|0.8773512


0.2558013|-0.03589587|0.001239614|0.9660619|
0.2845665|-0.004792995|-0.01592725|0.958512|
0.3951243|-0.04078609|0.009815225|0.9176693|
0.2694515|-0.01786438|0.005976023|0.9628296|
0.2364038|0.01994187|0.1469445|0.9602723


0.1473159|-0.08107249|-0.001365364|0.9857603|
0.2710162|-0.009319324|-0.02967206|0.9620722|
0.3257484|-0.04296217|-0.03691281|0.9437582|
0.345428|0.01847821|0.09144734|0.9337962|
0.2770608|-0.04256026|-0.01630174|0.9597709


0.2476532|-0.1399503|-0.01966781|0.9584858|
0.3480276|-0.03493095|-0.02785232|0.9364193|
0.3017975|-0.01335979|-0.02573831|0.9529309|
0.3372678|0.00928011|0.1037734|0.9356257|
0.0240424|0.004354639|-0.1325512|0.9908749


Backhand

-0.001016518|-0.06229524|0.03734301|0.9973584|
-0.07471197|0.1784671|0.01171296|0.9810354|
0.02083895|0.3218633|-0.01642264|0.9464143|
-0.03499061|0.3421287|0.03464997|0.9383618|
0.07992519|0.3454829|0.1780201|0.9179119


-0.01747425|-0.08242479|0.01386848|0.9963475|
-0.1185786|0.080892|0.045987|0.9885751|
0.03034477|0.1757309|-0.00932648|0.9839262|
-0.001332338|0.3379129|0.05259134|0.939706|
0.04906332|0.2598815|0.05337349|0.9629152


-0.08966929|0.1836683|0.1034328|0.97341|
0.04899424|0.212688|-0.027718|0.9754972|
-0.0002013144|0.2807813|0.05472671|0.9582102|
0.03085328|0.2549682|0.07917036|0.9632088|
0.038106|0.1793105|0.0009869738|0.9830537


-0.02174085|-0.02584163|-0.01704169|0.9992843|
-0.08068851|0.1342167|0.01515568|0.9875452|
0.02839006|0.2569235|0.01443001|0.9659069|
0.0276076|0.277611|0.03055386|0.9598106|
0.04917065|0.2518337|0.04642964|0.9654048


-0.02883622|-0.1420505|-0.01451353|0.9893329|
0.0242692|-0.05252922|0.003964112|0.9983166|
-0.176272|0.3173721|0.03494838|0.9311185|
-0.02925736|0.1967803|-0.001043648|0.9800103|
-0.01656031|0.3404386|0.1027331|0.934491
