Lob

-0.1059221|0.05547317|-0.009405427|0.9927813|
-0.1687976|0.01276886|-0.01482451|0.9854565|
-0.2150183|0.03035973|-0.07105766|0.9735483|
-0.3677475|-0.02422828|0.0295981|0.9291387|
-0.2139164|-0.04612724|-0.03739792|0.9750453


-0.07125216|0.1013855|-0.1594009|0.9794057|
-0.2090031|0.0307874|-0.04985908|0.9761577|
-0.2565776|0.004396868|-0.03054388|0.9660308|
-0.2534914|0.04963166|0.01655713|0.9659216|
-0.2648156|0.03462327|-0.03323907|0.9631038


-0.1388771|0.00761557|-0.1037916|0.984826|
-0.172583|0.07376669|-0.1250836|0.9742317|
-0.2509382|0.01672642|-0.02193141|0.9676099|
-0.2761589|0.0488398|-0.06949586|0.9573511|
-0.1978287|-0.08715842|-0.05850028|0.9745998


-0.1339587|0.05770347|-0.05596263|0.9877214|
-0.1572789|0.02979571|-0.07656734|0.9841305|
-0.2529899|0.01315783|-0.01164302|0.9673094|
-0.2171851|0.01881446|-0.06773826|0.9735956|
-0.175602|-0.02767545|-0.07584097|0.9811454


-0.151003|0.04360816|-0.04635713|0.9864822|
-0.121815|0.04516314|-0.1032904|0.9861299|
-0.2952153|0.0242193|-0.05840846|0.9533361|
-0.340756|0.09363729|-0.06588899|0.9331539|
-0.1186797|-0.0642738|-0.08017331|0.9876012


Forehand

0.03099381|-0.1005826|-0.02600897|0.9941056|
0.0712688|-0.2139323|-0.0474123|0.9730907|
0.1185419|-0.3748519|-0.0940241|0.9146546|
0.09827608|-0.3476315|-0.07394717|0.9295299|
-0.03260154|-0.4184326|-0.1718803|0.8912399


0.1356859|-0.2348515|-0.04986294|0.9612218|
0.07724842|-0.2831953|-0.06428145|0.9537823|
0.09618312|-0.284772|-0.04020449|0.9529098|
0.06547044|-0.2314944|-0.1127619|0.9640585|
-0.05236758|-0.306605|-0.01149954|0.9503256


0.154766|-0.2862104|-0.02750107|0.9451849|
0.1330812|-0.3382617|0.01663761|0.9314459|
0.04851222|-0.2537813|-0.06259964|0.9640139|
0.07069167|-0.3363785|-0.01439998|0.9389594|
0.03467644|-0.1809248|-0.1034595|0.9774253


0.1008415|-0.1746556|-0.003331967|0.9794464|
0.05725372|-0.2356205|-0.08111835|0.9667599|
0.08018913|-0.2702682|0.008435898|0.9594027|
0.04904661|-0.2971856|-0.0943624|0.9488788|
-0.065037|-0.3513454|0.0560148|0.9323032


0.03783613|-0.2496016|-0.1293078|0.95893|
0.05095883|-0.2334099|-0.0509935|0.9697022|
0.0464152|-0.2993417|0.02999057|0.9525443|
0.004864716|-0.2590261|-0.08994951|0.9616604|
-0.08109829|-0.3284926|0.06597827|0.9387025


Smash

0.2047397|0.01153687|0.03535844|0.9781095|
0.3099942|-0.13261|0.09729941|0.9364032|
0.2671079|-0.03272388|0.04245073|0.9621748|
0.2026603|-0.02343612|0.2261951|0.9524784|
0.1226721|0.02792784|-0.02478265|0.9917446


0.2048174|-0.03200663|0.02192514|0.978031|
0.2413102|-0.04946284|0.05328046|0.967721|
0.2954554|-0.00332079|0.0960318|0.9505121|
0.2505297|-0.07058985|0.04375864|0.96454|
0.1302193|-0.02392984|0.1254938|0.9832201


0.2866636|-0.0637278|0.02351417|0.9556201|
0.2677091|0.01933521|0.1022223|0.9578667|
0.3200371|-0.02974468|0.1155133|0.9398661|
0.2429379|-0.07139595|0.009065852|0.9673684|
0.03034552|-0.02454326|0.1382118|0.9896333


0.2001033|-0.07792801|0.01481708|0.9765584|
0.2571723|-0.0402059|0.1257894|0.9572999|
0.2750036|-0.06560811|0.05780552|0.9574587|
0.3240708|-0.01629586|0.08400907|0.9421543|
0.1789483|-0.08083528|0.1121623|0.9740958


0.2973487|-0.02664404|0.00589908|0.9543789|
0.269929|-0.05931771|0.06589882|0.9587895|
0.2543278|0.0002415389|0.1969027|0.9468614|
0.1901237|-0.06510751|-0.07529183|0.9767011|
0.0520143|-0.003628092|0.1960693|0.9792028


Backhand

0.01953819|0.09739715|-0.00759612|0.9950248|
-0.028665|0.2174872|0.02204371|0.9753931|
0.0001551738|0.3379846|-0.01032585|0.9410949|
0.02739974|0.3880271|0.1527484|0.9084889|
-0.000923725|0.3723086|0.1592054|0.9143518


-0.03899719|0.1544529|-0.03595789|0.9865751|
0.02297286|0.1749311|0.01080205|0.9842532|
-0.01052343|0.2473115|0.008720634|0.9688395|
-0.01183496|0.2375536|0.05147257|0.9699374|
0.009938795|0.2451087|0.03665934|0.9687513


-0.05388647|0.02860293|0.003516137|0.998131|
-0.007110781|0.1263416|0.03936761|0.9911797|
-0.01147316|0.1972592|0.008348115|0.9802486|
0.009482958|0.1723007|0.03504891|0.984375|
0.002482444|0.2990402|0.05845083|0.9524455


-0.00742863|-0.0108435|0.005928838|0.9998961|
-0.07712136|0.1298948|-0.02744931|0.9881428|
0.01184335|0.3074819|-0.01824009|0.9513054|
0.0005569396|0.304997|0.02130912|0.9521148|
-0.0120616|0.2218157|0.03347407|0.9744392


-0.03643635|0.0161967|0.03569105|0.9985671|
-0.0304564|0.1433078|-0.02552384|0.9888801|
0.004613191|0.1959685|0.01372099|0.9805033|
0.0218583|0.1672972|-0.03287067|0.9851158|
-0.01966034|0.2235239|0.03041076|0.9740255
