Lob

-0.2008696|0.03136888|0.09052523|0.9749218|
-0.1886889|0.03876902|0.07755607|0.9782017|
-0.4598044|-0.02069242|0.2814855|0.8419725|
-0.1971562|-0.06369538|0.09968356|0.9732088|
-0.07132281|-0.07996998|-0.003844557|0.9942349


-0.1396804|0.05548243|0.1210581|0.9812012|
-0.1955909|-0.01157158|0.1407368|0.9704656|
-0.299926|-0.02191252|0.1800869|0.9365539|
-0.2195319|-0.02540695|0.0966756|0.9704711|
-0.1592121|-0.07286717|0.03045139|0.9840806


-0.1886176|0.1180132|0.06264345|0.9729193|
-0.2306399|0.01192444|0.1655499|0.9587784|
-0.2214754|0.0237327|0.1786264|0.9583724|
-0.2277014|-0.0431319|0.1150924|0.9659427|
-0.1209465|-0.05629672|-0.007884721|0.99103


-0.1424325|0.07821032|0.05601382|0.9851186|
-0.2341383|-0.001613564|0.1582525|0.9592357|
-0.3058157|0.01682467|0.1301653|0.9430009|
-0.2116621|0.0154028|0.09155209|0.9729235|
-0.1423717|-0.0451654|0.0381722|0.9880451


-0.1662512|0.05521924|0.1092399|0.978457|
-0.2725949|-0.002861685|0.1722102|0.9465873|
-0.2185853|0.01272264|0.1339153|0.9665015|
-0.1542843|-0.04825815|0.05986729|0.9850296|
-0.09702661|-0.07261298|0.04934812|0.991402


Forehand

-0.03357157|-0.3477038|-0.05336717|0.9354823|
0.1287063|-0.4590417|-0.0891832|0.8745067|
-0.1118911|-0.3161366|-0.223463|0.9152063|
-0.2049683|-0.3791531|0.2173819|0.8757718|
0.08083151|0.1268397|-0.1414778|0.9784487


0.06882536|-0.3331559|-0.09052643|0.9359887|
0.03862006|-0.4032654|-0.127045|0.9053977|
-0.06740181|-0.4155451|-0.1020718|0.9013104|
-0.02123957|-0.3469091|-0.0746455|0.9346822|
-0.1563965|0.04992356|0.1110907|0.9801564


-0.06560982|-0.03570175|0.0001323634|0.9972064|
0.08624312|-0.2346096|-0.131459|0.9592908|
0.04282777|-0.4006851|-0.126877|0.9063771|
-0.02192516|-0.4496643|-0.08478442|0.8888941|
-0.0424534|-0.3498379|0.04527134|0.9347521


0.07692321|-0.1698591|-0.02312038|0.9821895|
0.01632901|-0.3958688|-0.1053398|0.9120992|
0.05657129|-0.4195614|-0.05176869|0.9044821|
-0.08015178|-0.3823463|-0.1601481|0.9064984|
-0.1136508|-0.3780674|0.1503764|0.9063859


0.02933576|-0.2469575|-0.05560518|0.9669847|
0.07123583|-0.346686|-0.06686204|0.9328793|
0.06392539|-0.3244711|-0.02955909|0.94327|
-0.04480296|-0.3594095|-0.108066|0.9258181|
-0.09022251|-0.5012676|0.01027825|0.8605142


Smash

0.1099171|-0.0252123|-0.1426781|0.9833236|
0.3883667|-0.02947038|-0.111107|0.9143073|
0.3326631|-0.01711738|-0.1464696|0.9314445|
0.4601465|0.0107961|0.004225352|0.8877673|
0.1650544|-0.007249351|-0.3292179|0.929688


0.384209|-0.1952156|-0.1683089|0.8865362|
0.3146926|0.04298266|-0.1034222|0.9425629|
0.3525306|-0.01335924|-0.1355042|0.9258415|
0.2670723|-0.08144978|-0.226193|0.933207|
0.1824042|-0.1405032|0.1872222|0.9549532


0.2058819|-0.1092342|-0.05426055|0.9709461|
0.3205669|-0.05945774|-0.1166269|0.9381363|
0.4649918|-0.03640669|-0.1436609|0.8728222|
0.3981657|-0.04779216|-0.01371334|0.915965|
0.09396958|0.01218423|-0.1722886|0.9804783


0.1064709|-0.05061626|-0.1004393|0.9879342|
0.3047779|-0.1184617|-0.1152459|0.9379743|
0.3691271|0.02115523|-0.08576957|0.9251711|
0.4098776|-0.04356404|-0.06448241|0.908815|
0.264637|-0.02064327|-0.2273892|0.9369287


0.1654372|-0.03684826|-0.09914771|0.9805316|
0.2929478|-0.06056515|-0.09709693|0.9492552|
0.3372859|0.005160605|-0.08816317|0.9372507|
0.3755176|-0.015577|-0.1347559|0.9168342|
0.3043106|0.003990388|-0.0937305|0.9479418


Backhand

0.02052243|-0.005355577|0.04645249|0.9986953|
-0.05354564|0.2197749|0.03546143|0.9734342|
0.03829801|0.284887|-0.0180757|0.957625|
0.01694472|0.4240339|0.002091498|0.9054852|
0.08304327|0.4996848|0.1380917|0.8510872


-0.04421129|0.1079837|0.0418519|0.9922869|
-0.007526769|0.2919355|0.01017958|0.9563543|
0.04268713|0.3037629|0.02365644|0.951497|
0.02065447|0.2982253|0.02829145|0.9538525|
0.06155484|0.2552086|0.05620537|0.9632863


-0.09528837|0.05362773|0.0493114|0.9927801|
-0.04072529|0.1087429|-0.04171764|0.9923588|
0.004247277|0.3163793|0.02576473|0.9482732|
0.0600809|0.3111039|0.0196294|0.9482716|
0.06798688|0.3210214|0.05514712|0.9430175


-0.08369716|-0.0167227|0.03495743|0.9957374|
-0.008861135|0.1032546|0.0006635897|0.9946153|
-0.002114919|0.2053643|0.06025554|0.9768266|
0.01579569|0.215568|0.01860425|0.9761837|
0.01145469|0.4197184|0.07560664|0.9044274


-0.06139055|0.02552806|0.0339648|0.9972091|
-0.06691433|0.1362553|0.06188117|0.9864724|
-0.01955367|0.2440573|0.02589446|0.9692178|
0.03488835|0.2877296|0.04370089|0.9560778|
0.02219982|0.2576551|0.02782264|0.9655811
