Lob

-0.1147179|-0.006383315|0.1083111|0.9874552|
-0.1684616|0.01553386|0.08330274|0.9820591|
-0.1744422|0.03813213|0.1692764|0.9692581|
-0.1739503|0.03165341|0.1487071|0.9729468|
-0.1099724|0.002702146|0.1249279|0.9860486


-0.1823184|0.1147822|0.06049732|0.9746411|
-0.1911312|0.03033561|0.1801667|0.964411|
-0.156436|0.04752704|0.1987681|0.9663126|
-0.1653529|-0.01470281|0.1167281|0.979192|
-0.08161356|0.02447737|0.1115138|0.9901034


-0.134598|0.06406803|0.02534557|0.9885019|
-0.2364776|0.09102324|0.1208249|0.9597886|
-0.192293|0.005298926|0.224005|0.9554147|
-0.1803051|0.01778239|0.1036302|0.9779748|
-0.09142281|-0.01713648|0.08653595|0.991897


-0.175897|0.07069685|0.04284783|0.9809312|
-0.2595812|0.08119617|0.1251188|0.9541331|
-0.2024514|0.007998099|0.1928094|0.9600907|
-0.2218169|0.002084201|0.09802268|0.9701466|
-0.0650058|-0.04176016|0.05142404|0.9956836


-0.1271032|0.07983733|-0.05348945|0.9872231|
-0.1680551|0.05541551|0.09118829|0.9799854|
-0.2119855|0.09101598|0.06780078|0.9706603|
-0.1186369|0.02054974|0.1627748|0.9792892|
-0.1539548|0.01271001|0.05950591|0.9862024


Forehand

-0.02675556|-0.3416895|-0.1223082|0.9314359|
0.0793354|-0.2998467|-0.02630341|0.9503188|
0.08126348|-0.4669779|0.00990509|0.8804713|
-0.03571791|-0.2850904|-0.1054836|0.9520088|
-0.06487771|-0.4837482|0.1273267|0.8634619


0.0779764|-0.2271115|-0.08667725|0.9668645|
0.07892324|-0.305309|-0.105526|0.9430916|
0.04476679|-0.3826793|-0.09132615|0.9182658|
-0.07782885|-0.2592622|-0.1506138|0.9508107|
-0.05088997|-0.4036781|0.1042195|0.9075198


0.121046|-0.2642093|-0.1231139|0.9488859|
0.0569214|-0.3437347|-0.08784522|0.9332147|
0.03742055|-0.308999|-0.1012132|0.9449207|
-0.1044983|-0.1637352|-0.0622192|0.9789788|
-0.02418261|-0.2797816|0.0881113|0.9557058


0.09684412|-0.2438569|-0.09736182|0.9600394|
0.01085531|-0.3011003|-0.09633303|0.948652|
0.02997209|-0.2347091|-0.06105597|0.9696831|
-0.08545627|-0.329316|-0.1171379|0.9330202|
-0.003666053|-0.3211676|0.05578541|0.9453706


0.01465682|-0.1404934|-0.08783572|0.9860688|
0.06408549|-0.3786102|-0.108331|0.916958|
0.0234671|-0.3165091|-0.1086097|0.942059|
-0.03112883|-0.2611617|-0.1213478|0.9571313|
-0.09397437|-0.3261392|0.1693761|0.9252641


Smash

0.1417692|-0.1344324|-0.1282986|0.9723009|
0.2400788|-0.02774283|-0.1339686|0.9610645|
0.3567816|-0.0294204|-0.1732433|0.9175119|
0.3424915|-0.05153092|-0.1463992|0.9266129|
0.2237228|-0.02670433|-0.1579118|0.9614047


0.2278375|0.09859438|-0.1562642|0.9560077|
0.2537615|-0.03035453|-0.220579|0.9412909|
0.31838|-0.01815229|-0.1150367|0.9407822|
0.07528169|-0.03533318|-0.1278023|0.9883071|
0.1425887|-0.05534115|-0.02454835|0.9879287


0.1437275|-0.05799549|-0.1650559|0.9740305|
0.3429683|-0.07031752|-0.1566921|0.9235128|
0.2839781|0.0005777207|-0.1396658|0.948604|
0.2020053|0.01747302|-0.0951946|0.9745904|
0.08047511|-0.01559034|-0.06405754|0.9945739


0.1606416|-0.0571413|-0.1107908|0.979109|
0.2186918|-0.03400321|-0.1275358|0.9668258|
0.2327599|-0.04750479|-0.1552623|0.9588846|
0.260723|-0.01619024|-0.1327335|0.9561083|
0.1269175|-0.01524637|-0.06083603|0.9899285


0.1438638|-0.08986372|-0.1548934|0.9732603|
0.2084415|-0.03572529|-0.1022223|0.9720219|
0.2331163|-0.02198564|-0.1229538|0.964394|
0.1970107|-0.04350558|-0.1547187|0.9671381|
0.237841|-0.005015493|-0.04844176|0.9700823


Backhand

-0.05559935|0.01568878|0.04952257|0.9971009|
-0.002256382|0.06489313|-0.01778562|0.9977312|
0.009249333|0.2265884|0.01923802|0.9737566|
0.01663844|0.2608536|0.009365621|0.9651896|
0.06821124|0.321695|0.02515317|0.9440482


-0.08781365|0.1225082|0.1031592|0.9831779|
0.03632911|0.1676439|-0.05275867|0.9837643|
-0.04987384|0.3842444|0.05745966|0.920091|
0.06777576|0.3094029|0.01867404|0.9483289|
0.108712|0.3345229|0.1087551|0.9297572


-0.1152086|0.1028012|0.05190231|0.9866433|
0.03453575|0.1561181|0.007859034|0.9871032|
-0.02634494|0.2458589|0.05457507|0.9674094|
0.05682224|0.2458507|0.003983014|0.9676327|
0.03891883|0.272164|0.06553305|0.9592276


-0.07946452|0.01824147|0.1315359|0.9879529|
-0.05437487|0.001274521|-0.03428697|0.9979309|
-0.0004097988|0.1665258|-0.006440689|0.986016|
0.001339925|0.2406332|0.06250993|0.9686002|
0.05480078|0.1901551|-0.04078412|0.9793746


-0.04130514|0.1063392|0.1477278|0.9824268|
-0.03683823|0.221155|-0.05542205|0.9729654|
0.05858921|0.2762401|0.05691447|0.9576113|
0.0218175|0.2247027|-0.02734764|0.9737992|
0.07886208|0.2536077|0.02438352|0.9637786
