0.191229026043966|0.960972833641126|1.9927475436878|-2.28082386413641|1.82452968413664|-0.397603730386125|1.19683446435443|-0.175106263899332|0.89665756614449|-0.670770343694508|0.98819479638714|0.0433950922509998|0.335925802202554|2.80059617748764|-0.0963652423065904|1.12025238244733|0.0477986428668899|0.602546329242299|0.931377440023116|2.08308020402826
0.143136026214185|0.622902125829262|0.108132921810277|3.32181928697734|0.392690570868774|1.27365169007056|0.330800077076389|1.2722586448212|0.636525581739885|2.80892554591121|0.0641661368126931|-0.0850153285791642|1.83603677980627|0.885820412517747|1.75999375280169|0.138465350485109|0.606406963541401|0.523839976026853|0.793733565707325|1.47304558442987
0.827900432202715|0.850101530327939|0.27431115745041|1.7280980517225|0.132345904975272|0.537095461650387|0.356386779830828|1.04852656894733|0.956123760787788|1.36848195400277|0.543294214555235|0.350420898204794|1.07151646285143|-0.0922484692071511|0.927400115992655|-0.0213402780133177|0.120373541342763|0.198039001671352|0.105266518829419|0.369182204081927
0.71973313836055|0.32128294101747|0.242837369987285|0.0652026088689678|-0.011610290666821|0.45026778330901|-0.527972442956663|-0.188919708086799|0.00961118815742385|0.448792743960739|0.918368681164891|1.00640480597446|-0.0638489387106761|-0.451332025736281|-0.12022418544646|-0.262070006372271|0.451936961415323|0.977040008518387|0.224282669338156|-0.200185657179504
-0.0629090780858567|0.296059512377271|1.81120149176213|-0.16433580943117|1.62530878659161|0.37439575883302|0.620700440367086|0.226513816681708|0.870681887994412|-0.139395062730331|0.518420090458915|0.229410931841745|0.562303502570081|2.5644327605584|0.923549533876883|0.263221399146057|0.530867791770007|-0.0106915071945361|0.836344467399114|2.95033144105656
0.180079453477192|0.879256727417881|0.208912242131328|2.6317222535285|0.524173190425185|0.985153096995809|-0.0253202657549841|0.678014670929975|0.365624489334652|1.27650644111094|-0.0684960385160491|0.54977944666828|1.20129321335533|0.816101455581306|1.93683023668918|-0.190533888742815|1.09309035581633|-0.0397669397911034|0.0738671409958746|1.29626071628508
0.358980577367215|0.341380424466779|-0.0075748185201118|-0.185735619721506|-0.0816403722279227|0.819363746295891|0.33091139995298|0.571805552510314|0.874277258421658|-0.67519157833429|0.555631131572788|0.706772693729288|0.193105605902752|-0.566251916419525|-0.248425257680348|0.732931192502927|0.422349191591387|0.953671040965618|0.690123106677612|-0.504286800340981
0.191423653641047|0.840724278790888|-0.565771186264072|-0.0984832283293537|-0.385877289445485|0.255046675254911|-0.0923253174771451|-0.149838597784217|0.943537889676661|-0.127757285486087|0.570573237113062|0.446497902547644|-0.0981599082086657|-0.029143185657869|-0.0218513259179605|0.314400098606209|0.370342998565681|1.0095820664084|1.05775764681619|-0.0800945249646161
0.342487424936875|0.474422524066734|2.56231985614569|-2.32133832906428|1.39282701805758|-0.124615929144987|0.830244421494622|0.1979870558352|0.34055461837474|-0.408861514025961|0.850913605055254|0.213857291582445|0.509328974863342|3.40399193143422|0.826418737612646|1.11159594120705|0.486551797282601|0.167381282436017|0.141063580216135|2.78678376571635
0.255589553879717|0.844519128524519|0.217400171511537|4.52578979794379|-0.134885287659535|1.10020753616118|0.578668336889605|1.47879576541386|0.482260729365782|2.75153571803698|0.277284002419544|0.507565543222295|2.17107231041883|0.51476318375406|2.29144949721239|-0.689084511276078|0.442815212370374|0.0262271930765289|0.575328309401676|1.7619760774831
0.412396721207847|0.0831753860236823|-0.149933221864099|0.229137065919747|0.444036981444998|0.592013412965782|0.0908673386302606|0.519783463988388|0.566794195124807|-0.108325125350873|0.542783808059118|0.878032746073606|0.379520254836845|-0.428507736377575|-0.338391546616688|0.946812143913464|0.0917481096340993|0.170547547496785|0.0832877307002478|-0.311224036783095
0.58689850132684|0.960919173892921|-0.243644280556783|-0.0544659012615997|-0.406940746857821|-0.0497884438607838|-0.0931360033664402|0.3142545502747|0.933326684349918|-0.0110269949931035|0.0841828206853921|0.723399333093468|-0.0441212045032845|-0.549633547447946|-0.238631487223509|0.402233338845452|0.217068579990848|0.377356147874777|0.800637970831634|-0.529874234420524
0.538366109558474|0.738376862331964|2.61636601265913|-4.31849039559989|1.97146887718275|0.0456600130113866|1.18122800331831|0.0864538338497667|0.447744867642346|-1.96449356159308|0.841535161354745|0.788320697060125|0.235339865751865|3.2247880382433|0.237776488939255|1.21963327091465|0.481014966904719|0.267900431928023|0.048035947864062|2.2022459602292
0.113211579869628|0.250788028723391|0.0144746406307082|3.63977707784381|0.681975381749577|0.989887471508624|0.797559394556134|1.62744883253333|0.0541965566013719|2.73111869335132|0.419134994934207|0.261289147159627|1.25994888500121|0.443912661085747|1.7734219223371|-0.41321289070607|0.710455193191569|0.506420385765061|0.999771697823131|1.64008697479716
0.971993548353481|0.503156861595902|-0.0331739655686212|-1.47021294395997|0.489222597709116|-0.130099078355005|-0.00252129049390999|-0.125958458148622|0.687754997095647|-0.285716400387862|0.475363852272395|0.918963274651834|-0.249242989816386|-0.41679975230706|-0.550750311508323|1.01870881383974|0.472015011276588|0.512157659379953|0.235512681992813|-0.251614347688029
0.14972223932307|0.620837819415579|-0.653932849604904|0.340361213029489|0.12916303859155|-0.302419928214294|0.366585393062699|0.00847738592828088|0.952598609607953|-0.128697151602831|0.843585988463729|0.181310561942867|0.128995030357596|-0.0708777310078725|0.00777940725830856|-0.244125667704013|0.266702602510908|0.608830802614067|0.904088475174388|-0.737665658494987
0.416395214186429|0.739145011082819|2.47418060191801|-5.42811827503901|1.86966223070111|-0.0573521006876791|0.66342203813625|0.263072492134618|0.269882011359455|-2.52088862587881|0.311315123666199|0.232797809655186|0.0292857131353901|3.74779632675037|-0.446265648108392|1.19406715766314|0.607850273126935|0.589677712099238|0.943404617245512|3.06311906189562
-0.210469035471647|0.751934363616035|0.432035458888667|7.58880713125953|-0.120372260497785|1.68531826409454|0.014043832416874|1.8510216649785|-0.0524555789035705|4.71883353414468|-0.0352225471721779|0.451594463227194|3.04668878352507|1.27709596855797|3.87183993088502|-1.0125994587112|0.726562890762965|0.680356006118685|0.152037531518293|2.65510419801691
1.10297423282781|0.0755974302345689|0.387809340194474|-1.00429587556219|-0.115494536875247|0.605893159942725|0.271984204325487|0.298670513274439|0.505987697395359|-0.728754504081515|1.00536185103278|0.202720361135809|0.209437144293618|0.00899244296313451|-0.33326509722374|1.44002508789625|0.788756261283446|0.897206565071971|0.48278674622974|-0.664148884437798
-0.0274719876526538|0.335088675725779|-0.214495698614799|0.126227695352297|-0.223616933753319|-0.10536018071159|0.0202099736487909|0.229173580302263|0.515984839732211|0.0263791684538926|0.721385111018626|0.847557812140222|-0.304055163190116|-0.737802200836442|0.398337748519957|0.648858820074236|0.203999331671122|0.789708083414943|0.916726546698025|0.131940696634332
