0.866861420420566|0.944318523027872|0.756423455249377|-0.00513784949812837|0.967779673777448|0.86475457278588|-1.13390764479103|1.37169524816258|1.74710071756972|1.03200503758645|0.294907038815834|1.03892858508239|1.73040358699618|0.417160265489968|0.477046037039854|0.826241681094641|0.389150467999722|2.79467870862405|0.518546884713248|0.305435184377429
-0.227950971984107|0.803916425610575|0.38766687141104|0.451715692055688|0.66506274904812|-0.0703891928351018|3.3909022061477|0.223772162342021|1.02031060067548|-0.170956800656077|0.843883922895758|0.783726521503056|1.77353852189777|0.82820953102877|0.888992287622217|0.62377377739905|3.86590386445532|1.06121408094721|0.242646049719771|0.858782165479344
0.392311078424447|0.645858887680292|0.475164114770847|0.0261493306952838|0.215258460878971|0.0819202832001309|1.83449199258331|0.19036895732774|-0.176758894953492|0.762869046477252|0.471315984078849|0.746328093211078|0.217318933734276|0.00310975445466985|0.377331352741946|0.5515193540938|2.11896380777442|0.644393555886093|0.679404368503692|0.662743131825427
0.388702108935363|0.720729521110192|0.287709020227157|-0.141729563125116|0.749670713602617|0.521005071019527|-0.00415346210300813|-0.0787562860651023|-0.116717204990355|0.213092694473333|0.527777340597543|-0.106205457577605|-0.433153914800293|0.249162803182104|-0.0220039052807949|0.843716391542438|0.535785694467358|-0.413152574266969|0.999108092913084|0.394269357926516
0.423067658294521|0.161234477642839|0.2881598849523|0.78146587168355|0.245664501839782|0.356588098028019|-0.791982086193707|1.7478159368698|2.01851213360747|0.392803580169663|0.923858309960888|0.700703479684156|2.45692139734981|0.920982855732645|1.32196980512575|0.574752700960942|1.32999524368282|3.59064458533185|0.346766719083544|0.727313848637776
-0.270527258371198|0.557350306459229|0.647462872754459|0.965301242817252|0.191118844272252|-0.201652057789038|3.01701806505464|0.179363837638693|0.548481303606038|0.654022901779519|0.305161377174484|0.1556825845204|1.32493735311966|0.473502166668743|0.838945097955752|0.298792538496669|3.27814305099082|1.05248570754971|0.0733694176792132|0.350114568570885
0.835498277170812|0.511252873976486|0.145622287563685|0.857490349053123|0.658052310823324|0.856501548022976|0.170726715249765|0.338266999372135|0.243763690916418|0.122070421542955|0.704889732827327|0.559685792343876|0.38926347908553|0.826358267517096|0.365836364393168|0.632748201726645|-0.333616179271723|-0.392609880824294|0.62919326907896|0.785639749881874
-0.264791224127741|0.895419935289436|-0.015257867977018|-0.254870546059732|0.077825752851678|0.716796683494479|0.100583448152947|-0.0483272137954533|-0.319483040502899|-0.23207343473227|0.986412591022981|0.15985776106311|-0.361066436497168|0.158097726693426|-0.421525765841247|1.02479402247892|0.0338887093688469|-0.31812532244614|0.85062745230485|-0.0959021001012691
1.19716590759566|0.256245796235864|0.390992776328443|0.868695574920776|0.396997761349517|0.76458493925494|-2.16415110727333|2.05915720004461|2.51938329904427|1.21921454750574|0.851506649241039|0.712328507283322|2.58300634354948|0.702120485421043|0.759303543753143|0.385127964594243|-0.17906647346835|3.87439773973157|0.783126493490997|0.0517957119446383
-0.460652285210519|0.0502266727749278|-0.254441933182658|1.14528951905314|0.453461152603124|0.0858879140529585|4.8195877955085|0.616101276732928|0.759178597321666|0.260109181783556|0.693477748846074|0.117844988463309|1.24315591948259|0.91172093147121|1.13418650667125|0.827343976867911|5.01835410838641|1.13332448201545|0.204951556075509|0.681888015425565
0.894037175699898|0.197135994690025|0.909463248393258|0.176958335012903|0.424792605253936|0.0896981655121184|0.661925982786035|0.701587735325295|-0.0131371170196518|0.79557011563613|0.395784946430757|0.727962758007303|0.21382727339211|0.385228212322698|0.29999152992917|0.342225234150469|0.516438249021309|0.157611381365841|0.305564029138907|0.0559335184392759
0.48017219984527|0.842312044498878|0.311167555169424|0.534569803218022|0.169428329731209|-0.0999408547979014|-0.11076330920064|-0.374921330462128|-0.335642987211963|0.654604823644032|0.682300301942917|0.712753437091372|-0.609343211645793|0.520590427378592|-0.367264230188921|0.7185734488636|-0.138466311600688|-0.558822446293071|0.586908984129109|0.446460705526893
1.54411856180336|0.637137536721595|1.35344975272444|0.639847158353818|0.923038427964966|1.03231464176175|-4.63369620459899|1.28640779083081|2.2355610281346|0.973307346117574|0.935091839797644|0.940103012945548|2.15242594655814|0.270407786026566|0.771652666065074|0.721225244221661|-2.02728271833317|3.6808570605225|0.198684036720449|0.124250415358887
-0.271832523594174|0.0669912071200142|0.0319627526396193|0.219765648924742|0.531807784071709|0.204472520744076|4.236868122733|0.367326582300482|1.1509807136141|-0.10456878642398|0.719134618423711|0.247043712492556|1.8721530789466|0.379405137254783|0.597486513876392|0.0589267512530359|4.50775471599574|1.42486778364478|0.223214220089718|0.616873303150508
0.889351945475744|0.982922103962388|0.770649399230161|0.094067977092701|0.662415382208693|0.26798198714915|-0.940425140925202|0.14949027552946|0.804409822310103|0.977026107305924|0.841397514124434|0.72404696852281|-0.17000183651586|0.994054099542653|0.428718892396538|0.751925883368828|-0.396220936113715|0.233345320556355|0.57239733936984|0.764246398145225
0.078466054268057|0.936236245227065|-0.167523550145386|0.217748590585943|0.841062676870505|-0.0628613283008241|0.00811029745221494|-0.543545691741018|-0.474413579381276|0.493093921632782|0.626385000426835|0.864382784786516|0.0159259951179749|0.863078147275812|0.383231265172425|0.628131547902781|-0.298294596963519|-0.389433057331025|0.320140957440715|0.480603808504119
2.24393639929512|0.317525362755537|1.26513086139257|0.39086645689645|0.584394797746024|1.52894495747794|-6.10393929080943|1.96915966970954|2.67681730967046|1.40041256675886|0.238039906952118|1.10555289715848|2.9174428811633|0.426053853998037|0.81594124520968|-0.0264354579615638|-3.26445156450244|4.09677578076871|0.329578134749481|0.569483172725564
-1.53668724017067|0.161085256765954|-0.349638503515101|0.811905349085866|0.182768166472915|-0.757936285414898|7.19777989615917|1.02000103728802|0.569237399861214|0.020416289388547|0.634372265326547|0.0339329246663967|2.26149677482452|0.520659496622875|1.44900518012733|0.377942319313952|7.32993257405014|2.31567960774796|0.0298585542938368|0.534540081606207
0.951254654613199|0.633328419346459|0.395945643596724|0.365076273260271|0.147157778547181|1.11455320905866|-1.59537167767221|0.454524643152768|0.527848060913417|1.0409511892996|0.523619874886755|0.520681115537202|0.221966169205882|0.56427076897946|0.620523003629783|0.571302037453697|-0.406106677316798|0.676819952942166|0.542592005654734|0.884843611173237
-0.130822309808809|0.126930234184321|0.162346292193423|0.319252860803622|0.584546304544582|0.149749454529158|0.213637276125684|-0.161075498859451|0.0105132225533097|0.30999388403211|0.885061259636391|0.749469596048907|0.191832065421165|0.754903617722101|-0.264616227958586|0.288447303300655|-0.299281525544724|-0.453321955489413|0.261235970532852|0.538297679557109
